eval_accuracy = 0.363
eval_loss = 1.5512451
global_step = 937
loss = 1.5512451
